500
113037097 668049137 771645474 975353021
150777553 107177006 745050187 408950228
630987587 223317123 962159184 80616250
652987854 268663590 730312720 607320134
323475729 573532725 306159786 33405085
827678944 618268148 713525363 922089637
141554787 23592440 948154036 762162139
290796883 756244255 800275115 993816316
26682952 43370625 110442899 108764565
361567912 388890594 365587258 11862840
505151919 759075992 410282727 437045124
816995120 683219129 405517479 682050900
71797254 414683438 581275485 652255499
603370576 217331730 375063413 824974708
335206662 793613573 711584271 117243929
474811935 468096781 698621846 140309209
954676349 202159809 776643842 217625850
506933410 68473646 866905559 894793750
901088155 261613626 313162235 323178079
972768349 516571430 438670828 562969554
37292202 867532661 67151845 134537669
642245010 139226869 82818750 80632328
613031215 339925176 450560978 773856933
104209392 561378160 1029384 258171568
182816341 995846619 80200680 768574826
71130867 283071889 130146396 945742874
632665472 445974249 464812209 349771303
629292039 65998876 95194517 112397000
212712439 604711825 360837867 351435844
503326243 518002977 83036383 343017097
385672346 554178823 217819082 457975878
475157623 94243872 16656085 700695220
556415726 40013982 332465098 539896353
184228465 344818778 81612805 117546986
587457380 981562230 723406162 798649000
113781360 78691962 302723304 999040195
876912116 289702423 608673947 947767659
71816926 878031875 427930228 947245068
389893587 969332395 23250121 763582552
595467548 314692912 175177688 139707032
672625700 418234402 671457088 262854067
556038476 602762949 72338220 822510176
186400374 238484990 692018597 713690741
104114024 275202897 102945411 119822562
855848835 536162065 139288692 665487287
442659082 447606839 578607865 264693610
327438389 258945476 411198335 324339416
689719726 585055755 793183271 12850114
286286548 234503640 155309594 936053010
674347630 945288848 613720859 404961287
327964118 800400141 635893901 33581255
624660843 246975614 953098252 426047850
412878657 204285619 580398550 335073500
379792325 113249685 39277302 361288863
108060989 350566058 452869782 924965147
605500344 747892054 865503056 932740250
518044486 16519475 603122293 893196952
40679390 542030221 37173550 75889216
954953970 1634684 852302501 430638562
98838502 257788529 75008593 788442432
617266869 752996350 523570381 160185009
692878198 586866922 203564350 394579211
530440276 553437209 840295883 7488683
92698169 238108533 857042086 196547284
547933262 82571388 361669347 395905792
765148230 307380600 662532570 80108807
428046163 567818395 943628407 259759623
862276780 751134536 57714464 118368588
354591779 945578947 362630472 191523440
644223896 85703748 94361931 885450112
222081528 702703828 986425445 661142578
99431620 591911727 37362025 199055527
399769727 503413180 489615459 782169153
629808147 714720767 652366519 509549168
369052900 112531939 517734705 109159091
264046705 311411019 602806530 97117904
100071642 308814992 423072982 28802231
744825342 139838720 817023561 761199186
255211404 120758398 216011125 847389041
451884539 551657909 448378701 85516904
765809248 272904978 173272617 458223326
753169274 502188942 391052583 644391067
68678518 292133833 796075799 485546280
842769415 138018997 687947657 577247221
426402497 125265939 414371071 80486373
205411358 854592982 708394842 357711490
705701223 359179652 603085564 131907858
672034452 811254452 937807175 888361552
162254773 581685617 145699859 609383000
242300221 186011658 948520390 852321753
607154000 962309229 360383413 674761159
363070875 548711356 643925004 620321646
901435714 11611741 779993410 710626710
557618953 857758949 554113113 391617943
806754989 546393325 123123595 67077236
115642125 559237705 889384420 390154938
182899570 497317975 628944986 487199430
143570232 615811389 679858989 392376619
688390827 563831412 18236736 45512427
598496407 238724307 797263260 836471471
935292989 349046278 493164314 423791169
341126816 492136856 224948931 476387227
488425766 40071568 856466268 820904141
767156041 331572537 683747090 727187487
424390907 957598927 572516336 704322945
583060768 844072655 102182284 300289336
720427973 196169537 523256157 388938424
710570605 399369337 951710830 685763399
525351008 177385373 677178998 431573831
828078668 130527525 464280611 612218229
275822747 108480751 353147613 447137294
424228107 551215143 340819156 946830094
383232220 970169251 178000901 515625664
564099845 993290689 295345977 124849671
343527145 146311885 875072592 300526086
413876424 372966123 532737907 932459108
383057940 999295822 624112012 22905492
381561344 59098707 706299200 122262357
876833317 558554147 387519470 366266435
26126289 146854782 356886661 56422997
950536844 199642903 685900685 651929071
283510582 917408013 100240670 867627266
855473828 230751003 791487598 507412475
515740153 465229288 90962921 595379910
356443270 916537903 699967640 299369312
9180894 669159286 588051906 437429477
400911985 521653127 97833843 623869660
728866471 329251683 363743199 770255370
379106757 121263048 192500323 719353808
18581714 298798945 786147307 884303397
119470124 243834299 107438699 199054733
713150816 977986798 507919496 523443213
305765120 506180274 628766460 226167512
359759928 652965141 197681507 581319890
508593836 540686639 571441099 34154716
440262352 857367974 527247509 708734734
660159834 105456312 316457930 28007646
156940968 244820417 513054270 314033611
261732568 87907003 946595081 828908019
313553421 993324565 548838499 917275650
512667710 436593619 123660843 566843188
322868729 137768232 714102524 519361665
629224154 919165284 321377176 237349903
614440069 590705910 90626978 591902175
598624112 397260204 759094101 272345238
885280705 364578004 731271043 137369892
307663516 596358482 411127060 24152842
940181952 203768569 554805540 973060310
786931304 948015268 779968727 589422265
771896083 731916864 919473208 940457380
512522972 100159279 357701213 539387504
646998264 162846694 552231591 947151922
328442329 781626933 25364188 883843467
24705635 749944895 18102903 616249645
131059565 754448300 590314272 941198398
897221876 295543095 794338294 995249013
610793694 228903371 340485121 797259630
513538732 884998741 479148690 470665450
563233409 313306344 730753302 444094223
997147862 736345657 463050341 782743780
237615917 844932687 871930937 972968614
614819455 83385240 96715101 927587481
73725016 560394731 943556085 790837210
856155130 981620633 842949665 714230133
249419557 579819043 602703903 41783452
438928079 961868198 127549227 272255963
145809775 974441667 962746833 994153396
107136227 756307763 436494441 874957900
819291971 155904938 17805258 74825487
42031404 331514781 374164629 181603335
953169135 704643758 628769840 130373051
196379620 684224702 84937999 695236446
785610622 753046854 616232832 642321585
582286784 372070658 580748665 650213091
796677907 159294493 246815942 959040857
37720104 848425719 34214269 382284713
46718697 61004813 34687273 16225247
903631662 874437140 732188405 122503385
85066164 301461618 440865579 619282007
141238797 9830824 292279110 397020981
635899428 694334274 207530807 810685839
104289065 352010858 679580922 538821349
746199806 947205102 121948380 694829252
529033431 15273930 907159813 390628079
562317837 116973138 205279537 124977306
152113665 144062360 64089283 627616037
519969814 707763172 488376211 281234096
653342435 223972794 956885996 178910526
20712415 360749365 727674976 506234503
150979843 907243225 138948419 862463658
857770301 230372862 429401680 346724428
680716503 621551011 60105762 994130525
336326319 675200872 81825499 789455805
421425087 418700060 426004591 846784631
813042916 564394998 410534279 708607808
225722810 93701219 117688526 980333394
332717560 589741920 912199869 28961286
641922474 52844943 894027766 562846847
612019919 703930892 24468395 708868636
655123817 523545299 151564029 234936461
585869063 988447707 884789937 899979224
706031515 799375949 560289073 771182599
62424212 59315325 57809856 893742623
355146396 221424452 258768567 681990915
50378020 898308698 882332145 186188787
63528115 63960554 798194921 280452994
14778480 949756518 359046995 638689441
491561854 897726917 205053182 780572265
329245078 945849369 18003774 190208639
8810761 66479126 877968413 638359537
633624025 789675119 631286799 478914448
285705414 144008716 707223967 21886024
397360344 599984791 566750473 240160034
566514885 458319565 154163690 282196263
581681003 655128615 847453727 732235716
115890431 204810777 754960314 254248324
530266050 230671975 34102811 551871026
969112992 694635078 873123368 758743392
247401572 952150163 665860139 204861732
308394963 193209505 612050944 701586421
850789412 608737652 586026254 434544528
308736503 815193792 664849805 884406985
113555993 347777676 21093807 371091204
149340013 423030039 472341353 143017279
256364414 42212412 84058574 306398318
411699319 644398420 752844911 508748443
933641918 15793329 502475151 707189641
771595011 914441625 319755309 563087027
953888078 140608689 32175037 227472214
827401500 417264592 825064276 106503923
733753833 471885697 708366332 634772268
390845957 22483249 611232073 265286865
548328466 656753655 75492174 75869416
353581899 9686904 303895317 669828718
515238026 759337962 490057286 459681581
426796126 813618979 172295305 927873911
941235870 629296544 14471699 482772259
273379166 799166601 170763505 571894807
628386023 296989219 934029577 850834822
942984058 767640075 576444233 668078582
443746429 177153079 17930346 924340702
15807692 470167832 36768310 213776596
533143589 473405311 808407881 940815184
601835704 571874977 162325328 11458550
95612808 754548196 146683995 678164805
221671882 91538182 81750968 179329425
166245510 613739520 352858129 89516191
382316436 523907101 279584848 255475597
469166881 233630592 549195192 302923849
940859747 782471841 673585102 81931102
265844775 434299385 363608705 220437313
430955908 638854297 508914598 179870841
41856672 444595996 669072111 580207531
327897426 794968203 833910282 852584650
148661596 535302108 407909066 741675053
205699571 908013924 972304807 964594942
198217696 462916924 206814664 391554585
76252485 123397655 336255196 308245850
313198271 917830685 455512994 853185786
169732076 524289912 882085789 501140711
680210965 2183743 878669317 983172583
420308651 143287764 929786882 380859825
549001289 977581490 512907018 843242791
575202574 232967304 844107481 891654648
564994606 61395212 877700466 2443685
688029310 73494384 249534334 605604285
437691126 54152387 786107552 22774315
580442758 56498671 484064928 517065135
293265723 821066447 510912933 71597701
500427122 686864496 910494254 468798686
483892542 386724335 626530694 77370523
751249970 978253094 30765945 468418086
617568905 243044309 643359809 28957293
585547694 138727296 542251039 685990068
541494397 411630283 478490987 730035262
545826570 647075673 210120043 454669780
216492001 57537402 746664068 613903755
374834895 80836349 383431862 9474010
367124641 213110262 563421718 23877536
54164850 614279538 47941607 538533187
147521506 89804395 873158476 973979214
416265833 77120398 12592043 82037499
414664651 488725368 5059449 603944989
837560177 66045710 279147323 133678662
604564555 713443745 659325308 770103387
332769653 280038951 631245751 304342788
866825304 807850345 809580359 328898586
435058406 207643986 71260350 689334690
38127452 839328927 435042923 456457087
523367485 147122836 826546128 636579551
812714835 670048842 274453204 720947376
260259226 142469201 225866083 339669039
598302033 353185234 839442258 639579296
669704243 303553273 79262264 749612248
814463403 763938789 899047993 530845619
851097601 907181444 622357235 638021893
107814561 235881638 297089132 57109044
534848546 218388740 463023764 161062126
640279094 966031941 639768800 407798892
144656652 86711417 62010336 723420764
149170401 766044536 811513596 480642791
757784079 9334686 568773848 964549622
325965441 872025196 719262521 864501886
767409910 809174880 55955104 363159408
494337825 225570774 809079707 118442961
325640123 135235494 121376515 828965359
97629935 832476392 95054512 761798416
117966276 608285074 320284933 831791155
842401333 512265665 107524553 634418240
537467345 50407118 133436353 742773835
310432472 9061254 277322644 64456019
297764944 71386647 194585516 662986160
374229642 620793320 690029015 693580664
198004374 762450773 324765601 634046560
564649818 51872640 559512437 351133284
485341909 727832587 514885737 326402903
871377745 286143277 40950376 673669806
76133629 110693478 722702218 583309832
36119817 233659697 134252972 61028022
393781957 533644482 846456721 502391392
291051473 99148639 176313781 309392270
286174582 885515835 559427346 756453106
762364537 290878831 85084749 444475855
993441367 547045716 123971653 925719284
880348070 146322760 403609120 844169356
60456930 121469668 885392494 557518860
52697064 599305608 444895522 488330007
309688320 287953230 94213974 115973387
342920309 428494495 877032630 416582945
20419778 183721205 860624244 788204988
556666676 334094076 24700050 939174895
631041587 837645106 940222975 934655653
752307483 230472299 498500102 927041239
428298627 976768675 402717570 831349495
462831413 199801994 982836838 569498386
198151388 733590306 129574672 734299908
830210432 117414530 291948801 168313064
789346092 739106680 796686703 658120734
242035617 54563867 19323957 544482924
527890446 847333679 437161495 478018168
450261747 248515377 935641435 897822015
972157080 610828863 734951838 30496609
233227013 41371618 268495359 174902486
247902869 133495377 668961210 36022737
513565241 736694538 775341326 40443666
860531343 485796695 757915682 258524901
523597818 143939660 955161585 445595259
190705341 482413636 748361642 267213869
30058822 743388008 166007605 560474780
806988889 124187911 793014357 273554761
515022385 106668358 507967232 22198772
887302034 26887939 140756605 16984481
843544071 941927585 793364809 423413456
489160194 325420637 310241886 986401088
282658723 306795022 251406542 718509953
608165335 903190183 89940920 544963510
410161141 56583831 354934596 601376849
852561738 173273758 314300108 224172292
696183809 444903195 881285827 930919988
444979859 961907547 738673007 82903497
750344205 616794171 44743346 32284676
779921805 320851864 151904209 158451017
653447555 37304546 519286024 773135823
280949155 709339837 363273387 32824122
255943597 880930094 248981021 522337092
577671543 233127042 345804594 48878304
536377059 47126924 199006156 834962195
494581264 332916916 70701813 70638364
557646603 447865942 653999280 776935235
784406775 561373944 63922751 51538936
937957020 21412253 843682098 788614883
396439519 521699456 852090190 481589932
230141460 448912851 142616391 911355851
116625019 184592611 626103250 422164671
442914500 373079552 548497636 65035066
116374061 126008905 231704762 107094151
14264394 512695135 618534293 602865491
872921 739753466 124139254 726262582
329489780 29585766 268152959 428210911
555324981 57794954 506855424 609765812
583490951 782771878 326933985 687957480
34000561 771758243 632487208 18812070
399831888 30569470 934826552 704922454
99941667 672237205 874650225 165146545
933105608 879379722 367390718 25449808
668016818 330753933 510417965 214347194
415649168 589456519 744455925 916763809
683700469 30881568 147078126 510956486
833728419 173242569 324789627 244773758
715110671 56712079 290976667 92030089
781104021 16827717 969317202 986956583
13507260 72378605 573067999 714105907
630530621 175763641 443924187 773854402
389644948 837196171 674921252 218488548
497280216 454712248 577308527 524005505
683677940 212220525 40096442 45391588
817739363 349817059 893902542 429874144
413539939 156222689 15062787 22533872
435718955 146655795 238547138 339424681
494580094 369884837 495819324 158553138
308586785 612241401 993799789 640558896
162678588 220279460 727576845 785338084
241129066 377126698 322787361 522147495
845588640 731161834 98051580 930647644
286201155 328668784 642131269 116835587
813121227 72852232 314525181 10728617
23665065 986865530 121428996 773003459
698624237 629778695 122307375 145237566
149375814 540635177 147038589 229874506
54486745 962205554 412005115 130093796
570407907 829369955 365176587 374826368
104427148 270777310 80364296 181218179
152879131 357901892 676594040 502740826
339330367 238370207 137624852 320055628
251512187 634409524 586551973 895985281
115474913 862734384 337527969 202463570
356975975 718241481 499614128 408887670
254615161 775345027 673073728 28056595
40423189 877169138 59523681 895212475
150533942 765147092 299425765 685994520
646347121 10704734 622719451 39444037
444489370 313224317 84093794 246083337
490965105 22602635 354297812 133039325
176141793 933960142 606028467 205094863
463215809 149780551 554101867 822890787
337963831 602952180 92975043 136278024
203863142 382858924 201525917 72098252
89869260 661950331 134588748 685008625
436316250 601744132 734099897 443438987
65700386 375685081 792407929 801334609
926772918 620466537 645969059 101970964
523025996 634000493 39059945 422043355
568093390 489987504 646052079 31004049
314870135 572941616 335896219 81137646
410016294 570905216 487341161 909561760
60334826 701371174 594437444 284024346
60260670 394887707 370345101 869596258
717266575 247155277 433847418 66928442
828438822 268844709 933526668 14585129
662826918 36423204 580180601 673132550
88582063 532443981 46224305 972736212
739835768 478021694 322167299 94745088
771337128 716986432 469920350 611289591
246287977 98281300 213808975 613511387
878602237 791068769 781982440 9794456
65425933 364806869 848764296 39155790
686430813 641261169 629872961 311357150
433651243 7840845 263917783 832258688
123987048 84030486 838090286 347491547
748760094 99563343 311792042 184881989
613548128 30177044 595248752 395243123
370364647 126208424 247408757 874761974
8513907 547639557 431465120 141816190
883876706 502370898 934947892 425987507
761474791 637641826 203061936 705274777
121050313 698821124 934940376 481069841
976112002 279731019 244462836 982189043
713512009 299127344 305974464 68191622
366401774 772945765 689403113 492933006
889808782 962920878 479346143 53833703
904912463 113353127 327755303 605929094
237371418 42462880 121897536 872601924
67467037 443611085 93257940 229524067
49538944 441028283 421390427 854634209
227228720 843349455 942514216 258767497
393762615 873448079 766696546 195814265
76017679 279949000 9804905 880518751
352951852 790967437 71627269 651588504
904320055 555187800 976926015 517576421
594096 133784893 837686710 237751839
550298194 418188584 949523965 705427241
582640112 559241710 361042404 438631393
755536585 404109470 979602905 227309497
944364138 88298134 280991347 505148669
39583494 665658036 433244330 195390007
131724268 293245175 794285957 436856862
98797929 316203256 37461107 714828402
50914030 626766140 771255024 511077816
344065828 512541182 366363803 583953711
567312614 104863150 913304718 48118887
978869889 225844406 362710705 575834304
404875444 765554156 401369605 299413152
43847445 141780041 70788805 152842911
438502877 103917518 77865059 353985713
802930535 723775999 800593310 413015328
288899449 920752324 827926251 988641779
738702056 727723725 45547977 128783551
172919718 610521387 780489644 2175120
62953418 977659195 467518487 658638773
14406793 373476130 365949266 913365004
377665858 532612921 240512425 534032126
900640715 821882593 526137972 59273650
793945407 631421458 799110577 724025931
875250286 279001415 59756373 758996987
380335514 884577567 507704169 47862581
280755462 864654922 168138075 623567519
895037307 687350611 65202199 346003827
559661983 333392733 775712000 753946921
27407139 183236396 978663548 86424883
453380444 792953538 956363929 296072046
500
113037097 668049137 771645474 975353021
150777553 107177006 745050187 408950228
630987587 223317123 962159184 80616250
652987854 268663590 730312720 607320134
323475729 573532725 306159786 33405085
827678944 618268148 713525363 922089637
141554787 23592440 948154036 762162139
290796883 756244255 800275115 993816316
26682952 43370625 110442899 108764565
361567912 388890594 365587258 11862840
505151919 759075992 410282727 437045124
816995120 683219129 405517479 682050900
71797254 414683438 581275485 652255499
603370576 217331730 375063413 824974708
335206662 793613573 711584271 117243929
474811935 468096781 698621846 140309209
954676349 202159809 776643842 217625850
506933410 68473646 866905559 894793750
901088155 261613626 313162235 323178079
972768349 516571430 438670828 562969554
37292202 867532661 67151845 134537669
642245010 139226869 82818750 80632328
613031215 339925176 450560978 773856933
104209392 561378160 1029384 258171568
182816341 995846619 80200680 768574826
71130867 283071889 130146396 945742874
632665472 445974249 464812209 349771303
629292039 65998876 95194517 112397000
212712439 604711825 360837867 351435844
503326243 518002977 83036383 343017097
385672346 554178823 217819082 457975878
475157623 94243872 16656085 700695220
556415726 40013982 332465098 539896353
184228465 344818778 81612805 117546986
587457380 981562230 723406162 798649000
113781360 78691962 302723304 999040195
876912116 289702423 608673947 947767659
71816926 878031875 427930228 947245068
389893587 969332395 23250121 763582552
595467548 314692912 175177688 139707032
672625700 418234402 671457088 262854067
556038476 602762949 72338220 822510176
186400374 238484990 692018597 713690741
104114024 275202897 102945411 119822562
855848835 536162065 139288692 665487287
442659082 447606839 578607865 264693610
327438389 258945476 411198335 324339416
689719726 585055755 793183271 12850114
286286548 234503640 155309594 936053010
674347630 945288848 613720859 404961287
327964118 800400141 635893901 33581255
624660843 246975614 953098252 426047850
412878657 204285619 580398550 335073500
379792325 113249685 39277302 361288863
108060989 350566058 452869782 924965147
605500344 747892054 865503056 932740250
518044486 16519475 603122293 893196952
40679390 542030221 37173550 75889216
954953970 1634684 852302501 430638562
98838502 257788529 75008593 788442432
617266869 752996350 523570381 160185009
692878198 586866922 203564350 394579211
530440276 553437209 840295883 7488683
92698169 238108533 857042086 196547284
547933262 82571388 361669347 395905792
765148230 307380600 662532570 80108807
428046163 567818395 943628407 259759623
862276780 751134536 57714464 118368588
354591779 945578947 362630472 191523440
644223896 85703748 94361931 885450112
222081528 702703828 986425445 661142578
99431620 591911727 37362025 199055527
399769727 503413180 489615459 782169153
629808147 714720767 652366519 509549168
369052900 112531939 517734705 109159091
264046705 311411019 602806530 97117904
100071642 308814992 423072982 28802231
744825342 139838720 817023561 761199186
255211404 120758398 216011125 847389041
451884539 551657909 448378701 85516904
765809248 272904978 173272617 458223326
753169274 502188942 391052583 644391067
68678518 292133833 796075799 485546280
842769415 138018997 687947657 577247221
426402497 125265939 414371071 80486373
205411358 854592982 708394842 357711490
705701223 359179652 603085564 131907858
672034452 811254452 937807175 888361552
162254773 581685617 145699859 609383000
242300221 186011658 948520390 852321753
607154000 962309229 360383413 674761159
363070875 548711356 643925004 620321646
901435714 11611741 779993410 710626710
557618953 857758949 554113113 391617943
806754989 546393325 123123595 67077236
115642125 559237705 889384420 390154938
182899570 497317975 628944986 487199430
143570232 615811389 679858989 392376619
688390827 563831412 18236736 45512427
598496407 238724307 797263260 836471471
935292989 349046278 493164314 423791169
341126816 492136856 224948931 476387227
488425766 40071568 856466268 820904141
767156041 331572537 683747090 727187487
424390907 957598927 572516336 704322945
583060768 844072655 102182284 300289336
720427973 196169537 523256157 388938424
710570605 399369337 951710830 685763399
525351008 177385373 677178998 431573831
828078668 130527525 464280611 612218229
275822747 108480751 353147613 447137294
424228107 551215143 340819156 946830094
383232220 970169251 178000901 515625664
564099845 993290689 295345977 124849671
343527145 146311885 875072592 300526086
413876424 372966123 532737907 932459108
383057940 999295822 624112012 22905492
381561344 59098707 706299200 122262357
876833317 558554147 387519470 366266435
26126289 146854782 356886661 56422997
950536844 199642903 685900685 651929071
283510582 917408013 100240670 867627266
855473828 230751003 791487598 507412475
515740153 465229288 90962921 595379910
356443270 916537903 699967640 299369312
9180894 669159286 588051906 437429477
400911985 521653127 97833843 623869660
728866471 329251683 363743199 770255370
379106757 121263048 192500323 719353808
18581714 298798945 786147307 884303397
119470124 243834299 107438699 199054733
713150816 977986798 507919496 523443213
305765120 506180274 628766460 226167512
359759928 652965141 197681507 581319890
508593836 540686639 571441099 34154716
440262352 857367974 527247509 708734734
660159834 105456312 316457930 28007646
156940968 244820417 513054270 314033611
261732568 87907003 946595081 828908019
313553421 993324565 548838499 917275650
512667710 436593619 123660843 566843188
322868729 137768232 714102524 519361665
629224154 919165284 321377176 237349903
614440069 590705910 90626978 591902175
598624112 397260204 759094101 272345238
885280705 364578004 731271043 137369892
307663516 596358482 411127060 24152842
940181952 203768569 554805540 973060310
786931304 948015268 779968727 589422265
771896083 731916864 919473208 940457380
512522972 100159279 357701213 539387504
646998264 162846694 552231591 947151922
328442329 781626933 25364188 883843467
24705635 749944895 18102903 616249645
131059565 754448300 590314272 941198398
897221876 295543095 794338294 995249013
610793694 228903371 340485121 797259630
513538732 884998741 479148690 470665450
563233409 313306344 730753302 444094223
997147862 736345657 463050341 782743780
237615917 844932687 871930937 972968614
614819455 83385240 96715101 927587481
73725016 560394731 943556085 790837210
856155130 981620633 842949665 714230133
249419557 579819043 602703903 41783452
438928079 961868198 127549227 272255963
145809775 974441667 962746833 994153396
107136227 756307763 436494441 874957900
819291971 155904938 17805258 74825487
42031404 331514781 374164629 181603335
953169135 704643758 628769840 130373051
196379620 684224702 84937999 695236446
785610622 753046854 616232832 642321585
582286784 372070658 580748665 650213091
796677907 159294493 246815942 959040857
37720104 848425719 34214269 382284713
46718697 61004813 34687273 16225247
903631662 874437140 732188405 122503385
85066164 301461618 440865579 619282007
141238797 9830824 292279110 397020981
635899428 694334274 207530807 810685839
104289065 352010858 679580922 538821349
746199806 947205102 121948380 694829252
529033431 15273930 907159813 390628079
562317837 116973138 205279537 124977306
152113665 144062360 64089283 627616037
519969814 707763172 488376211 281234096
653342435 223972794 956885996 178910526
20712415 360749365 727674976 506234503
150979843 907243225 138948419 862463658
857770301 230372862 429401680 346724428
680716503 621551011 60105762 994130525
336326319 675200872 81825499 789455805
421425087 418700060 426004591 846784631
813042916 564394998 410534279 708607808
225722810 93701219 117688526 980333394
332717560 589741920 912199869 28961286
641922474 52844943 894027766 562846847
612019919 703930892 24468395 708868636
655123817 523545299 151564029 234936461
585869063 988447707 884789937 899979224
706031515 799375949 560289073 771182599
62424212 59315325 57809856 893742623
355146396 221424452 258768567 681990915
50378020 898308698 882332145 186188787
63528115 63960554 798194921 280452994
14778480 949756518 359046995 638689441
491561854 897726917 205053182 780572265
329245078 945849369 18003774 190208639
8810761 66479126 877968413 638359537
633624025 789675119 631286799 478914448
285705414 144008716 707223967 21886024
397360344 599984791 566750473 240160034
566514885 458319565 154163690 282196263
581681003 655128615 847453727 732235716
115890431 204810777 754960314 254248324
530266050 230671975 34102811 551871026
969112992 694635078 873123368 758743392
247401572 952150163 665860139 204861732
308394963 193209505 612050944 701586421
850789412 608737652 586026254 434544528
308736503 815193792 664849805 884406985
113555993 347777676 21093807 371091204
149340013 423030039 472341353 143017279
256364414 42212412 84058574 306398318
411699319 644398420 752844911 508748443
933641918 15793329 502475151 707189641
771595011 914441625 319755309 563087027
953888078 140608689 32175037 227472214
827401500 417264592 825064276 106503923
733753833 471885697 708366332 634772268
390845957 22483249 611232073 265286865
548328466 656753655 75492174 75869416
353581899 9686904 303895317 669828718
515238026 759337962 490057286 459681581
426796126 813618979 172295305 927873911
941235870 629296544 14471699 482772259
273379166 799166601 170763505 571894807
628386023 296989219 934029577 850834822
942984058 767640075 576444233 668078582
443746429 177153079 17930346 924340702
15807692 470167832 36768310 213776596
533143589 473405311 808407881 940815184
601835704 571874977 162325328 11458550
95612808 754548196 146683995 678164805
221671882 91538182 81750968 179329425
166245510 613739520 352858129 89516191
382316436 523907101 279584848 255475597
469166881 233630592 549195192 302923849
940859747 782471841 673585102 81931102
265844775 434299385 363608705 220437313
430955908 638854297 508914598 179870841
41856672 444595996 669072111 580207531
327897426 794968203 833910282 852584650
148661596 535302108 407909066 741675053
205699571 908013924 972304807 964594942
198217696 462916924 206814664 391554585
76252485 123397655 336255196 308245850
313198271 917830685 455512994 853185786
169732076 524289912 882085789 501140711
680210965 2183743 878669317 983172583
420308651 143287764 929786882 380859825
549001289 977581490 512907018 843242791
575202574 232967304 844107481 891654648
564994606 61395212 877700466 2443685
688029310 73494384 249534334 605604285
437691126 54152387 786107552 22774315
580442758 56498671 484064928 517065135
293265723 821066447 510912933 71597701
500427122 686864496 910494254 468798686
483892542 386724335 626530694 77370523
751249970 978253094 30765945 468418086
617568905 243044309 643359809 28957293
585547694 138727296 542251039 685990068
541494397 411630283 478490987 730035262
545826570 647075673 210120043 454669780
216492001 57537402 746664068 613903755
374834895 80836349 383431862 9474010
367124641 213110262 563421718 23877536
54164850 614279538 47941607 538533187
147521506 89804395 873158476 973979214
416265833 77120398 12592043 82037499
414664651 488725368 5059449 603944989
837560177 66045710 279147323 133678662
604564555 713443745 659325308 770103387
332769653 280038951 631245751 304342788
866825304 807850345 809580359 328898586
435058406 207643986 71260350 689334690
38127452 839328927 435042923 456457087
523367485 147122836 826546128 636579551
812714835 670048842 274453204 720947376
260259226 142469201 225866083 339669039
598302033 353185234 839442258 639579296
669704243 303553273 79262264 749612248
814463403 763938789 899047993 530845619
851097601 907181444 622357235 638021893
107814561 235881638 297089132 57109044
534848546 218388740 463023764 161062126
640279094 966031941 639768800 407798892
144656652 86711417 62010336 723420764
149170401 766044536 811513596 480642791
757784079 9334686 568773848 964549622
325965441 872025196 719262521 864501886
767409910 809174880 55955104 363159408
494337825 225570774 809079707 118442961
325640123 135235494 121376515 828965359
97629935 832476392 95054512 761798416
117966276 608285074 320284933 831791155
842401333 512265665 107524553 634418240
537467345 50407118 133436353 742773835
310432472 9061254 277322644 64456019
297764944 71386647 194585516 662986160
374229642 620793320 690029015 693580664
198004374 762450773 324765601 634046560
564649818 51872640 559512437 351133284
485341909 727832587 514885737 326402903
871377745 286143277 40950376 673669806
76133629 110693478 722702218 583309832
36119817 233659697 134252972 61028022
393781957 533644482 846456721 502391392
291051473 99148639 176313781 309392270
286174582 885515835 559427346 756453106
762364537 290878831 85084749 444475855
993441367 547045716 123971653 925719284
880348070 146322760 403609120 844169356
60456930 121469668 885392494 557518860
52697064 599305608 444895522 488330007
309688320 287953230 94213974 115973387
342920309 428494495 877032630 416582945
20419778 183721205 860624244 788204988
556666676 334094076 24700050 939174895
631041587 837645106 940222975 934655653
752307483 230472299 498500102 927041239
428298627 976768675 402717570 831349495
462831413 199801994 982836838 569498386
198151388 733590306 129574672 734299908
830210432 117414530 291948801 168313064
789346092 739106680 796686703 658120734
242035617 54563867 19323957 544482924
527890446 847333679 437161495 478018168
450261747 248515377 935641435 897822015
972157080 610828863 734951838 30496609
233227013 41371618 268495359 174902486
247902869 133495377 668961210 36022737
513565241 736694538 775341326 40443666
860531343 485796695 757915682 258524901
523597818 143939660 955161585 445595259
190705341 482413636 748361642 267213869
30058822 743388008 166007605 560474780
806988889 124187911 793014357 273554761
515022385 106668358 507967232 22198772
887302034 26887939 140756605 16984481
843544071 941927585 793364809 423413456
489160194 325420637 310241886 986401088
282658723 306795022 251406542 718509953
608165335 903190183 89940920 544963510
410161141 56583831 354934596 601376849
852561738 173273758 314300108 224172292
696183809 444903195 881285827 930919988
444979859 961907547 738673007 82903497
750344205 616794171 44743346 32284676
779921805 320851864 151904209 158451017
653447555 37304546 519286024 773135823
280949155 709339837 363273387 32824122
255943597 880930094 248981021 522337092
577671543 233127042 345804594 48878304
536377059 47126924 199006156 834962195
494581264 332916916 70701813 70638364
557646603 447865942 653999280 776935235
784406775 561373944 63922751 51538936
937957020 21412253 843682098 788614883
396439519 521699456 852090190 481589932
230141460 448912851 142616391 911355851
116625019 184592611 626103250 422164671
442914500 373079552 548497636 65035066
116374061 126008905 231704762 107094151
14264394 512695135 618534293 602865491
872921 739753466 124139254 726262582
329489780 29585766 268152959 428210911
555324981 57794954 506855424 609765812
583490951 782771878 326933985 687957480
34000561 771758243 632487208 18812070
399831888 30569470 934826552 704922454
99941667 672237205 874650225 165146545
933105608 879379722 367390718 25449808
668016818 330753933 510417965 214347194
415649168 589456519 744455925 916763809
683700469 30881568 147078126 510956486
833728419 173242569 324789627 244773758
715110671 56712079 290976667 92030089
781104021 16827717 969317202 986956583
13507260 72378605 573067999 714105907
630530621 175763641 443924187 773854402
389644948 837196171 674921252 218488548
497280216 454712248 577308527 524005505
683677940 212220525 40096442 45391588
817739363 349817059 893902542 429874144
413539939 156222689 15062787 22533872
435718955 146655795 238547138 339424681
494580094 369884837 495819324 158553138
308586785 612241401 993799789 640558896
162678588 220279460 727576845 785338084
241129066 377126698 322787361 522147495
845588640 731161834 98051580 930647644
286201155 328668784 642131269 116835587
813121227 72852232 314525181 10728617
23665065 986865530 121428996 773003459
698624237 629778695 122307375 145237566
149375814 540635177 147038589 229874506
54486745 962205554 412005115 130093796
570407907 829369955 365176587 374826368
104427148 270777310 80364296 181218179
152879131 357901892 676594040 502740826
339330367 238370207 137624852 320055628
251512187 634409524 586551973 895985281
115474913 862734384 337527969 202463570
356975975 718241481 499614128 408887670
254615161 775345027 673073728 28056595
40423189 877169138 59523681 895212475
150533942 765147092 299425765 685994520
646347121 10704734 622719451 39444037
444489370 313224317 84093794 246083337
490965105 22602635 354297812 133039325
176141793 933960142 606028467 205094863
463215809 149780551 554101867 822890787
337963831 602952180 92975043 136278024
203863142 382858924 201525917 72098252
89869260 661950331 134588748 685008625
436316250 601744132 734099897 443438987
65700386 375685081 792407929 801334609
926772918 620466537 645969059 101970964
523025996 634000493 39059945 422043355
568093390 489987504 646052079 31004049
314870135 572941616 335896219 81137646
410016294 570905216 487341161 909561760
60334826 701371174 594437444 284024346
60260670 394887707 370345101 869596258
717266575 247155277 433847418 66928442
828438822 268844709 933526668 14585129
662826918 36423204 580180601 673132550
88582063 532443981 46224305 972736212
739835768 478021694 322167299 94745088
771337128 716986432 469920350 611289591
246287977 98281300 213808975 613511387
878602237 791068769 781982440 9794456
65425933 364806869 848764296 39155790
686430813 641261169 629872961 311357150
433651243 7840845 263917783 832258688
123987048 84030486 838090286 347491547
748760094 99563343 311792042 184881989
613548128 30177044 595248752 395243123
370364647 126208424 247408757 874761974
8513907 547639557 431465120 141816190
883876706 502370898 934947892 425987507
761474791 637641826 203061936 705274777
121050313 698821124 934940376 481069841
976112002 279731019 244462836 982189043
713512009 299127344 305974464 68191622
366401774 772945765 689403113 492933006
889808782 962920878 479346143 53833703
904912463 113353127 327755303 605929094
237371418 42462880 121897536 872601924
67467037 443611085 93257940 229524067
49538944 441028283 421390427 854634209
227228720 843349455 942514216 258767497
393762615 873448079 766696546 195814265
76017679 279949000 9804905 880518751
352951852 790967437 71627269 651588504
904320055 555187800 976926015 517576421
594096 133784893 837686710 237751839
550298194 418188584 949523965 705427241
582640112 559241710 361042404 438631393
755536585 404109470 979602905 227309497
944364138 88298134 280991347 505148669
39583494 665658036 433244330 195390007
131724268 293245175 794285957 436856862
98797929 316203256 37461107 714828402
50914030 626766140 771255024 511077816
344065828 512541182 366363803 583953711
567312614 104863150 913304718 48118887
978869889 225844406 362710705 575834304
404875444 765554156 401369605 299413152
43847445 141780041 70788805 152842911
438502877 103917518 77865059 353985713
802930535 723775999 800593310 413015328
288899449 920752324 827926251 988641779
738702056 727723725 45547977 128783551
172919718 610521387 780489644 2175120
62953418 977659195 467518487 658638773
14406793 373476130 365949266 913365004
377665858 532612921 240512425 534032126
900640715 821882593 526137972 59273650
793945407 631421458 799110577 724025931
875250286 279001415 59756373 758996987
380335514 884577567 507704169 47862581
280755462 864654922 168138075 623567519
895037307 687350611 65202199 346003827
559661983 333392733 775712000 753946921
27407139 183236396 978663548 86424883
453380444 792953538 956363929 296072046
